4
57 10
5 2 5 3 4 0 6 0 9 8 6 7 3 1 1 4 1 4 3 8 1 2 1 7 2 1 8 9 4 4 5 4 4 2 1 1 0 9 5 6 3 2 9 8 7 3 1 2 9 2 3 2 7 6 3 7 1
0 0 3 2 8 4 3 2 7 5
51 7
7 3 7 4 4 5 5 5 4 3 0 6 1 9 7 8 4 8 5 4 3 2 9 8 8 9 1 2 3 9 4 6 6 6 7 3 0 5 3 5 9 8 6 6 9 0 5 8 9 6 6
1 3 2 7 3 5 1
41 7
0 6 5 4 3 2 8 3 3 5 1 1 5 4 7 7 8 1 0 0 4 2 9 1 7 7 3 3 7 2 9 3 8 1 2 5 1 9 9 9 9
6 5 8 5 8 5 0
86 8
4 2 5 9 0 1 9 4 3 4 1 1 7 1 5 6 2 7 4 0 0 1 0 4 3 3 0 6 1 0 2 0 3 0 8 6 6 7 8 0 3 9 2 3 8 4 0 8 0 0 4 9 3 9 2 5 6 7 3 9 1 0 0 3 0 2 4 6 2 5 6 2 2 9 6 1 6 9 1 3 4 6 7 6 9 1
7 7 1 1 1 2 1 5