1
18 18
4 9 5 3 3 5 2 7 5 6 6 7 8 1 7 2 6 8
1 9 5 1 9 7 3 1 5 9 3 5 4 0 8 9 4 9
2 0 7 0 2 4 9 1 4 2 7 2 2 0 9 2 4 2
8 5 2 6 8 9 2 7 7 9 9 9 0 3 2 4 4 9
1 7 8 7 7 9 4 6 4 9 2 6 7 2 0 6 5 4
9 8 9 1 6 9 7 0 0 4 8 5 7 9 4 6 7 8
7 8 8 2 1 8 3 5 6 8 1 3 3 5 4 6 3 6
5 0 7 8 4 3 5 5 2 7 6 4 8 2 9 0 1 4
0 2 9 9 7 4 3 1 7 3 3 3 1 3 3 7 3 9
1 2 6 0 1 1 6 7 3 3 0 0 3 0 8 7 0 1
9 4 8 4 7 5 4 0 6 6 5 6 0 2 7 3 0 0
6 7 7 9 6 4 3 3 1 6 8 6 7 3 9 7 8 8
8 8 9 5 8 4 5 9 7 4 5 0 3 3 4 1 8 9
9 5 7 7 7 4 2 0 4 4 0 2 0 9 9 6 2 4
6 6 2 1 1 8 9 0 0 4 7 5 1 6 0 2 4 4
2 5 5 7 3 9 1 5 0 0 5 0 0 5 9 8 0 4
7 1 1 3 4 4 5 3 9 2 6 8 5 0 5 4 6 5
0 3 2 1 5 8 1 1 1 1 2 0 3 6 3 5 5 5
1 9 9 10 10
13 12 2 18 13
3 9 13 18 12
9 8 8 15 9
11 9 2 18 14
4 12 11 9 14
9 12 6 1 16
1 8 14 14 13
16 6 2 10 0
17 10 11 12 5
13 2 6 8 4
12 10 9 15 13
3 14 7 13 16
13 16 2 9 13
13 12 4 13 12
2 6 5 15 15
3 9 9 17 0
17 9 4 13 16